//#rank wtime utime stime mtime pcomm gbyte gflop bytes_tx bytes_rx
0 100 100 100 100 100 0 = =
5 43.293543692943 70.2884656318913 44.4431794557028 93.2679419844969 100 0 = =
11 43.1645046143131 70.0893153624126 48.0541723178664 91.2683630045913 100 0 = =
3 43.7229484341186 70.4699912302361 29.7408203066993 90.0104988555182 100 0 = =
2 43.1351210168901 70.7295932702705 24.315173594955 86.5982375779087 100 0 = =
6 43.2966530683316 70.5283144173216 39.4996584530398 83.4361901412016 100 0 = =
8 43.4863249670406 70.5983873851629 34.6511766045282 82.4029588652709 100 0 = =
10 43.5379405984926 70.3740346873962 43.7991901872073 82.1069124571319 100 0 = =
4 43.3728327653541 71.0502430842323 19.782993931354 76.6212604488927 100 0 = =
7 43.3521554190194 71.1126531515807 21.4338042391423 74.7150786481524 100 0 = =
9 43.1646600830825 70.6573917189589 29.7848749146133 28.2312626072868 100 0 = =
1 42.6295365786921 70.4153292067195 29.6720159190583 11.6582595881997 100 0 = =


